kV
6.34034699366 

kP
10.05 

Mu_t
0.0 2.05278261503 4.10556523005 6.15834784508 8.2111304601 10.2639130751 12.3166956902 14.3694783052 16.4222609202 18.4750435352 20.5278261503 22.5806087653 24.6333913803 26.6861739953 28.7389566104 

Sigma_t
1.91593044069 

1.91593044069 

1.91593044069 

1.91593044069 

1.91593044069 

1.91593044069 

1.91593044069 

1.91593044069 

1.91593044069 

1.91593044069 

1.91593044069 

1.91593044069 

1.91593044069 

1.91593044069 

1.91593044069 

mu_x
4.73362063182 4.54381864851 4.49104335255 3.97954912766 3.9530447805 2.94969319813 3.24052723375 2.29106899109 3.05261313167 2.01497235535 1.98591495692 1.61699164623 1.34615775829 1.28411789445 1.21623295883 

Wp
13.7643088457 

10.0292873603 

8.37009728062 

4.8704016312 

2.06803000557 

0.545554603432 

0.1 

0.252597797637 

0.259336612561 

1.6202414435 

2.77968060446 

3.87491170158 

6.98252577516 

11.7222888851 

20.0 

Dofs
0 0 1 0 0 0 0 0 0 0 

