kV
2.32379000772 

kP
1.35 

Mu_t
0.0 8.84343784054 17.6868756811 26.5303135216 35.3737513622 44.2171892027 53.0606270432 61.9040648838 70.7475027243 79.5909405649 88.4343784054 97.277816246 106.121254086 

Sigma_t
8.16317339127 

8.16317339127 

8.16317339127 

8.16317339127 

8.16317339127 

8.16317339127 

8.16317339127 

8.16317339127 

8.16317339127 

8.16317339127 

8.16317339127 

8.16317339127 

8.16317339127 

mu_x
1.97095931915 1.99395813606 2.02791155225 1.97326336185 1.96387492076 1.97582759358 1.84547652232 1.79214534062 1.77027459352 1.5780209136 1.45400565943 1.37702299945 1.15027079822 

Wp
1.5 

1.3332646401 

1.28973720878 

1.27197224907 

1.25730175601 

1.2372182993 

1.24336257053 

1.2197411472 

1.22889438403 

1.27647408404 

1.3237373035 

1.23048115482 

1.2 

Dofs
0 0 1 0 0 0 0 0 0 0 

ParamValue
1

