kV
2.32379000772 

kP
1.35 

Mu_t
0.0 7.6298250556 15.2596501112 22.8894751668 30.5193002224 38.149125278 45.7789503336 53.4087753892 61.0386004448 68.6684255004 76.298250556 

Sigma_t
6.936204596 

6.936204596 

6.936204596 

6.936204596 

6.936204596 

6.936204596 

6.936204596 

6.936204596 

6.936204596 

6.936204596 

6.936204596 

mu_x
1.8842943785 1.8842982808 1.88071507682 1.88244119407 1.88278005239 1.88917647564 1.83797401239 1.76269521153 1.67589600914 1.50179994661 1.30523276946 

Wp
1.5 

1.47825487492 

1.48935039998 

1.49101673347 

1.46870283563 

1.48739503984 

1.40895215261 

1.30623717538 

1.42123971238 

1.21667249829 

1.2 

Dofs
0 0 1 0 0 0 0 0 0 0 

ParamValue
0

