kV
2.44948974278 

kP
1.5 

Mu_t
0.0 7.6298250556 15.2596501112 22.8894751668 30.5193002224 38.149125278 45.7789503336 53.4087753892 61.0386004448 68.6684255004 76.298250556 

Sigma_t
6.936204596 

6.936204596 

6.936204596 

6.936204596 

6.936204596 

6.936204596 

6.936204596 

6.936204596 

6.936204596 

6.936204596 

6.936204596 

mu_x
0.79186355576 0.726758501993 0.667398186526 0.668747822845 0.651974572001 0.645487275812 0.596907314664 0.526311869649 0.443607703698 0.272211300223 0.0745880696723 

Wp
1.5 

1.5 

1.5 

1.5 

1.5 

1.5 

1.5 

1.5 

1.5 

1.5 

1.5 

Dofs
0 0 0 0 0 0 1 0 0 0 

ParamValue
0

