kV
2.44948974278 

kP
1.5 

Mu_t
0.0 8.84343784054 17.6868756811 26.5303135216 35.3737513622 44.2171892027 53.0606270432 61.9040648838 70.7475027243 79.5909405649 88.4343784054 97.277816246 106.121254086 

Sigma_t
8.16317339127 

8.16317339127 

8.16317339127 

8.16317339127 

8.16317339127 

8.16317339127 

8.16317339127 

8.16317339127 

8.16317339127 

8.16317339127 

8.16317339127 

8.16317339127 

8.16317339127 

mu_x
0.839371449703 0.959506652055 1.09563256574 0.958092973823 0.866302901064 0.858400149513 0.719837735359 0.626972053239 0.616398405118 0.409400958824 0.295043131146 0.224349260242 -0.000227754427348 

Wp
1.5 

1.5 

1.5 

1.5 

1.5 

1.5 

1.5 

1.5 

1.5 

1.5 

1.5 

1.5 

1.5 

Dofs
0 0 0 0 0 0 1 0 0 0 

ParamValue
1

