kV
1.788854382 

kP
0.8 

Mu_t
0.0 10.8997500794 21.7995001589 32.6992502383 43.5990003177 54.4987503971 65.3985004766 76.298250556 

Sigma_t
9.5372813195 

9.5372813195 

9.5372813195 

9.5372813195 

9.5372813195 

9.5372813195 

9.5372813195 

9.5372813195 

mu_x
0.0197497347613 -0.0275801700357 -0.00888517270613 -0.00798929775626 -0.00334774701613 -0.0147363578355 -0.00314208633195 -0.0124981922991 
-0.712720307967 -0.660313585921 -0.502429806729 -0.376652098363 -0.282308701555 -0.106225076789 -0.0150340968656 -0.0191894616541 
-0.391014899252 -0.121945231461 -0.0540067994911 -0.0438143943818 -0.0392635502 -0.0515378432184 -0.115168821944 -0.101535275353 

Wp
0.8 -8.04478011984e-17 1.89023872509e-17 
-8.5624866572e-17 0.8 -7.1204977678e-17 
-1.0736312013e-16 -2.09522069833e-17 0.8 

0.8 -9.64126781883e-17 -2.36488210742e-16 
-1.25358165688e-15 0.8 1.58700092998e-17 
1.91009317738e-16 -1.73391032435e-16 0.8 

0.8 1.33163743704e-16 -3.06937635031e-16 
1.66408092818e-16 0.8 9.84184522074e-17 
1.10819014555e-16 -3.84078619603e-17 0.8 

0.8 3.50259135118e-16 4.42693299553e-17 
2.26155255818e-16 0.8 9.18861341181e-18 
3.26087355902e-16 -4.57736604696e-17 0.8 

0.8 2.74920504308e-16 -2.03101560093e-17 
3.52157918288e-17 0.8 7.02279251733e-17 
6.16131765833e-18 -4.29884043808e-16 0.8 

0.8 -7.20215174391e-17 2.95241804095e-17 
3.86619718445e-17 0.8 1.86916454537e-16 
-1.90453664124e-16 -9.35639369801e-16 0.8 

0.8 1.6986186966e-18 2.0218676451e-18 
-3.99930761802e-16 0.8 1.1321442373e-17 
-9.16066132456e-18 -1.50067133199e-16 0.8 

0.8 1.02999206386e-16 -2.39120789142e-16 
-8.72274529082e-17 0.8 -4.81589052491e-17 
1.52438825451e-16 -1.03249928139e-16 0.8 

Dofs
0 0 0 0 1 1 0 0 0 1 

ParamValue
0

