kV
2.82842712475 2.82842712475 2.82842712475 2.82842712475 2.82842712475 2.82842712475 2.82842712475 2.82842712475 2.82842712475 2.82842712475 

kP
2.0 2.0 2.0 2.0 2.0 2.0 2.0 2.0 2.0 2.0 

Mu_t
0.0 5.33264650447 10.6652930089 15.9979395134 21.3305860179 26.6632325223 31.9958790268 37.3285255313 42.6611720358 47.9938185402 53.3264650447 58.6591115492 63.9917580536 69.3244045581 74.6570510626 79.989697567 85.3223440715 90.654990576 95.9876370804 101.320283585 

Sigma_t
4.0528113434 

4.0528113434 

4.0528113434 

4.0528113434 

4.0528113434 

4.0528113434 

4.0528113434 

4.0528113434 

4.0528113434 

4.0528113434 

4.0528113434 

4.0528113434 

4.0528113434 

4.0528113434 

4.0528113434 

4.0528113434 

4.0528113434 

4.0528113434 

4.0528113434 

4.0528113434 

Mu_x
-0.454793983065 -0.451375040572 -0.463832395216 -0.403620992013 -0.299377388536 -0.173793946168 -0.215220671782 -0.237594752075 -0.241684663869 -0.206534961116 -0.165533814749 -0.16798929328 -0.178631038183 -0.185293897074 -0.179841456145 -0.187909994803 -0.162620299964 -0.165043994561 -0.158974889373 -0.0386293054091 
0.191592331417 0.201304071488 0.182362912764 0.275232833658 0.170368151025 0.0698386437803 0.107847462911 0.125444373773 0.14946213763 0.124215283052 0.1078428866 0.11469098155 0.130900733722 0.158288636171 0.16159706972 0.158266060161 0.161591058137 0.170456979013 0.172372632083 0.152852062814 
4.21076389368 4.18711888863 4.30567610963 3.64703376579 2.81044133898 1.76397540821 1.93908475436 2.37234529236 2.53537160517 2.51776717801 2.4234698266 2.36255453745 2.30646468796 2.29863212602 2.32893560081 2.35776223363 2.0680412698 1.87534695345 1.80837440458 1.44189658288 
3.03246226251 3.03238230066 3.0323596832 3.03223902983 3.03165900915 3.03401771369 3.03243469212 3.03363375101 3.03402718877 3.0356147664 3.03721016001 3.03656359035 3.03509358591 3.03540036394 3.03294429986 3.04489616832 2.97917478689 3.3193743516 0.540207012595 3.14197733831 
-0.341807712663 -0.338353492301 -0.351123940135 -0.289575216505 -0.190739152699 -0.0798947972764 -0.110667427774 -0.137565594087 -0.137328878825 -0.116510569308 -0.0906240252362 -0.0882639985485 -0.0877000571176 -0.0889379389136 -0.0836248338938 -0.0880933642889 -0.0665266664152 -0.0414124344699 -0.169399950225 0.031815029449 
-0.295905949666 -0.287845854028 -0.302365207894 -0.234998389109 -0.31641332693 -0.369841270212 -0.339960710673 -0.335831696893 -0.361005669269 -0.265798183667 -0.225025450291 -0.187099154704 -0.132277177268 -0.0373462759766 0.00296420169383 -0.0014272986084 -0.00743472368998 -0.00421677160438 -0.000945098137985 -0.0163479819858 
3.13349719591 3.11019790925 3.22678250656 2.58001772868 1.73239434115 0.663113415355 0.847940484743 1.26114868361 1.33836676921 1.31888472664 1.20417898105 1.12583926256 1.05090853729 1.04742786848 1.06322128742 1.09512445438 0.805980980631 0.615340969238 0.545464496524 0.178008422333 
1.36188524098e-05 1.36937186561e-05 1.36747872995e-05 1.36883444911e-05 1.36360951157e-05 1.38971738181e-05 1.25589526385e-05 2.42897853415e-05 3.30536877391e-05 0.000169414330311 0.000327050754295 0.00045437808619 0.000864243692709 0.00174871529354 0.00866193467188 0.00857131126902 0.00858164495222 0.00857963708048 0.00858003130238 0.00857996656323 
0.183640119719 0.184136413789 0.184016198531 0.184078112753 0.183873373408 0.184887822551 0.179644094518 0.237723144973 0.311236074841 0.613445234517 0.782092602512 0.898142609705 1.06094280786 1.32951006397 1.49684579572 1.48368870632 1.48617245766 1.48568197152 1.48577830885 1.48576248819 
-1.56593114401 -1.56575966775 -1.56554755272 -1.56640764983 -1.56174898479 -1.54879054323 -1.55835914872 -1.55262156818 -1.54882132919 -1.53795725457 -1.52454901966 -1.52721363456 -1.53475211785 -1.53979229882 -1.54555572659 -1.54797794639 -1.54837045117 -1.55487775166 -1.55830987717 -1.57003071901 

Wp
2.9993431469 0.00034515893521 -0.000200657563411 3.81437298586e-05 -0.000652771052676 0.000476715498892 -0.000184459165538 -1.35707992925e-08 -9.0195147521e-05 -6.58888515082e-05 
0.000345158935209 2.99778568237 0.000988636824707 -0.000422843106555 0.000532963763796 -0.00235713078922 0.00101992589638 9.52657541721e-09 6.33421048065e-05 0.000239522542702 
-0.000200657563414 0.000988636824708 2.9980428686 9.33060633288e-05 -0.000269514372661 0.00101332476248 -0.0019006691529 -1.33713933976e-08 -8.89480453158e-05 -4.01904058687e-05 
3.81437298593e-05 -0.000422843106552 9.33060633293e-05 2.99985399817 0.000109279976741 -0.000495511708136 0.000126276547591 1.33644212822e-09 8.88286624868e-06 6.31084334874e-05 
-0.000652771052678 0.000532963763794 -0.000269514372662 0.00010927997674 2.99927942188 0.000660845215182 -0.000250884710671 -1.50633571743e-08 -0.000100115935621 -8.35155980959e-05 
0.00047671549889 -0.00235713078922 0.00101332476248 -0.000495511708138 0.000660845215181 2.99725254187 0.00103497060101 3.13729370511e-08 0.000208547352955 0.000271821601722 
-0.000184459165542 0.00101992589638 -0.00190066915291 0.000126276547587 -0.000250884710673 0.00103497060101 2.99805611633 5.38061660667e-09 3.56948230695e-05 -5.452844452e-05 
-1.35707994241e-08 9.52657649095e-09 -1.33713928122e-08 1.336442149e-09 -1.50633576557e-08 3.13729362518e-08 5.38061562215e-09 2.99999999999 -3.44351792647e-08 -3.8761176394e-10 
-9.01951475188e-05 6.33421048158e-05 -8.8948045307e-05 8.88286625173e-06 -0.000100115935618 0.000208547352965 3.56948230781e-05 -3.4435179044e-08 2.99977111558 -2.57608879629e-06 
-6.58888515092e-05 0.0002395225427 -4.01904058704e-05 6.31084334875e-05 -8.35155980968e-05 0.000271821601719 -5.45284445223e-05 -3.87611713229e-10 -2.57608879519e-06 2.99995624975 

2.99547094639 0.000679023840637 0.00323123066413 0.000119476792062 -0.00441632490706 0.00118184808104 0.00306364209666 -8.89049216266e-09 -5.89739470803e-05 -0.000469964599586 
0.000679023840639 2.99523033603 0.00407950998339 9.17986007734e-05 0.000195671737348 -0.00464736880126 0.00394094782284 5.5843600533e-09 3.73146591623e-05 0.000395200815981 
0.00323123066412 0.00407950998337 2.97749594733 -0.000251732836677 0.00343540627606 0.003111065227 -0.0220949933658 1.05656323991e-08 6.91980903678e-05 0.000140156517461 
0.000119476792056 9.17986007555e-05 -0.00025173283668 2.99970849078 0.000335721089528 -4.62387617106e-07 -0.000199927720537 2.27825574048e-09 1.51442273384e-05 5.66567668194e-05 
-0.00441632490706 0.000195671737361 0.00343540627605 0.000335721089529 2.99535558753 0.000823953663886 0.00318471267175 -1.05981073947e-08 -7.03226423604e-05 -0.000416532940056 
0.00118184808104 -0.00464736880127 0.003111065227 -4.62387600319e-07 0.000823953663875 2.99501109386 0.00312469537886 1.84478028476e-08 0.000122772770405 0.000436651819178 
0.00306364209664 0.00394094782283 -0.0220949933658 -0.000199927720532 0.00318471267176 0.00312469537887 2.97819160917 1.85916681755e-08 0.000122561694387 0.000128539002321 
-8.89049419812e-09 5.58435850736e-09 1.05656327146e-08 2.27825644662e-09 -1.05981046076e-08 1.84478044071e-08 1.85916680334e-08 3.0 -1.6781163484e-08 -2.82459621528e-10 
-5.8973947081e-05 3.73146591622e-05 6.91980903669e-05 1.51442273364e-05 -7.03226423592e-05 0.000122772770402 0.000122561694388 -1.67811611354e-08 2.99988846334 -1.87822706955e-06 
-0.000469964599587 0.000395200815982 0.000140156517461 5.66567668178e-05 -0.000416532940055 0.000436651819177 0.000128539002321 -2.82461366889e-10 -1.87822707073e-06 2.99988443074 

2.99198286598 -0.00256880958067 0.0346092798498 6.32358850718e-05 -0.00775545384139 -0.00107922790649 0.0339561294342 -1.52954819486e-09 -8.57743834046e-06 -0.000497785847221 
-0.00256880958067 2.987137291 0.0475351992839 -0.000153073171652 -0.00282932214329 -0.010839619288 0.0465812152307 -1.60201928114e-09 -8.98384265119e-06 0.00035042749726 
0.0346092798498 0.0475351992839 2.64232046382 4.35714460756e-05 0.0351361161013 0.0339124022799 -0.351401374466 1.54906873611e-08 8.68689911642e-05 -0.000340544884434 
6.3235885075e-05 -0.000153073171653 4.35714460761e-05 2.99982306474 0.000216034306511 -0.000144659569378 5.57588660977e-05 4.71291761814e-12 2.64341060906e-08 -6.36516821634e-06 
-0.0077554538414 -0.00282932214329 0.0351361161013 0.000216034306508 2.99210895814 -0.00133531009376 0.0344394843997 -1.5520221139e-09 -8.70346473104e-06 -0.000346531887012 
-0.00107922790649 -0.010839619288 0.0339124022799 -0.000144659569378 -0.00133531009376 2.99042651206 0.0333049387552 -1.05226612828e-09 -5.90091666381e-06 0.000379194974749 
0.0339561294342 0.0465812152307 -0.351401374466 5.57588660973e-05 0.0344394843997 0.0333049387552 2.65471380414 1.52380551402e-08 8.54522800464e-05 -0.000337871947035 
-1.52954792428e-09 -1.60201943068e-09 1.54906878943e-08 4.71334839776e-12 -1.55202207281e-09 -1.05226615187e-09 1.52380550669e-08 3.0 -4.19576358212e-12 1.27386264146e-11 
-8.57743834091e-06 -8.98384265213e-06 8.6868991165e-05 2.64341058018e-08 -8.70346473082e-06 -5.90091666482e-06 8.54522800459e-05 -4.19587455111e-12 2.99999997645 7.1435300013e-08 
-0.00049778584722 0.000350427497259 -0.000340544884433 -6.36516821653e-06 -0.000346531887009 0.00037919497475 -0.000337871947035 1.27387571857e-11 7.14353001667e-08 2.99987901688 

2.95054769617 0.0263145729876 0.107004340862 -0.00133187863284 -0.0390312856486 0.0517729431035 0.0959884454628 1.25497063969e-09 5.08523889448e-06 -0.00779936361842 
0.0263145729876 2.41887806356 0.0639714692307 -0.000322227361872 0.0179843790801 -0.498406818338 0.0241615148253 -6.27611302063e-09 -2.54313035165e-05 0.00640155147028 
0.107004340862 0.0639714692307 2.11203646863 2.88825374864e-06 0.102817861468 0.0293038488601 -0.871952266833 -1.25130539453e-09 -5.07038684051e-06 0.00359602707791 
-0.00133187863284 -0.000322227361872 2.88825375213e-06 2.99916851053 -0.00045941527423 0.00163272524182 -0.000836400617578 -2.60135898869e-11 -1.05408575888e-07 -9.18151870967e-05 
-0.0390312856486 0.0179843790801 0.102817861468 -0.000459415274228 2.96815580335 0.0363083045716 0.094869019143 9.51878466571e-10 3.85708651872e-06 -0.00582592661688 
0.0517729431035 -0.498406818338 0.0293038488601 0.00163272524182 0.0363083045716 2.54528923679 0.00725100228977 -3.71628396813e-09 -1.50586757706e-05 0.0110656583441 
0.0959884454628 0.0241615148253 -0.871952266833 -0.000836400617575 0.094869019143 0.00725100228977 2.13595484916 -2.43706984885e-09 -9.87519988574e-06 0.00157756033347 
1.25497099936e-09 -6.27611343758e-09 -1.25130499299e-09 -2.6013623489e-11 9.51878620077e-10 -3.71628381038e-09 -2.43707020514e-09 3.0 -1.82652174882e-11 2.67099022008e-10 
5.08523889513e-06 -2.54313035168e-05 -5.07038684072e-06 -1.05408576099e-07 3.85708651817e-06 -1.50586757703e-05 -9.87519988572e-06 -1.8265608173e-11 2.99999992598 1.08230621903e-06 
-0.00779936361842 0.00640155147028 0.00359602707791 -9.18151871016e-05 -0.00582592661688 0.0110656583441 0.00157756033347 2.67099148142e-10 1.08230621874e-06 2.99827298527 

2.37871384186 -0.0172834064437 -0.0337618341674 -0.0274458939191 -0.381615711029 -0.00443584423339 -0.0164191318657 -5.71529902702e-09 -2.22350319817e-05 -0.189647620432 
-0.0172834064437 2.06723347505 0.0400240209351 0.000124385097224 0.004101089667 -0.618587008062 -0.101427035166 1.22993870254e-09 4.78500095718e-06 0.057556881391 
-0.0337618341674 0.0400240209351 2.14457748885 0.00131881639413 0.0122536854261 0.00182442435363 -0.833213492338 5.0852295931e-09 1.97837891495e-05 0.0101176573035 
-0.0274458939191 0.00012438509723 0.00131881639412 2.99732103679 -0.0165558965222 0.0013798986668 0.00189518975111 -5.26649863858e-10 -2.0488996883e-06 -0.0167172825096 
-0.381615711029 0.004101089667 0.0122536854261 -0.0165558965222 2.76247666864 0.00709155205102 0.0248877273068 -1.30565492568e-09 -5.07957251307e-06 -0.119002414638 
-0.0044358442334 -0.618587008062 0.00182442435363 0.00137989866681 0.00709155205102 2.54365701323 -0.0715724544388 -3.61305154488e-09 -1.40563650176e-05 0.0445754077207 
-0.0164191318657 -0.101427035166 -0.833213492338 0.0018951897511 0.0248877273068 -0.0715724544388 2.15757350657 7.93896414495e-09 3.08860785628e-05 0.0236329484156 
-5.715299765e-09 1.22993879393e-09 5.085230432e-09 -5.26650239821e-10 -1.30565379826e-09 -3.61305205831e-09 7.93896365787e-09 3.0 -4.03239453485e-10 -1.33075562666e-09 
-2.22350319854e-05 4.78500095883e-06 1.97837891487e-05 -2.04889968794e-06 -5.07957251413e-06 -1.40563650171e-05 3.08860785633e-05 -4.03239245992e-10 2.99999843122 -5.17722453767e-06 
-0.189647620432 0.057556881391 0.0101176573035 -0.0167172825096 -0.119002414638 0.0445754077207 0.0236329484156 -1.33075513537e-09 -5.17722453686e-06 2.84838168831 

2.76699496632 0.228315733797 0.0299228945496 -0.0133041960026 -0.143390797764 0.123518669764 0.0818328551085 -3.06317386985e-08 -0.000119029351871 -0.0668025468263 
0.228315733797 2.0399338872 0.104204609041 0.0141049024974 0.133279893297 -0.545271965814 -0.076553223722 5.65844916077e-08 0.000219838574583 0.0799036910054 
0.0299228945496 0.104204609041 2.20453686512 -0.00238573008399 0.0457518371527 0.0569202172059 -0.776179768594 2.82850640736e-07 0.00109896959181 -0.0124702309268 
-0.0133041960026 0.0141049024974 -0.00238573008398 2.99867736208 -0.00779693783397 0.00750561983047 0.000875236530758 -9.15456708754e-10 -3.55715769664e-06 -0.00415832424476 
-0.143390797764 0.133279893297 0.0457518371527 -0.00779693783397 2.91004531602 0.0717766424484 0.0763905965525 -2.72137108213e-08 -0.000105743495815 -0.0400181087231 
0.123518669764 -0.545271965814 0.0569202172059 0.00750561983047 0.0717766424484 2.67929112431 -0.0409758354208 2.4991672773e-08 9.71015871771e-05 0.0439686426907 
0.0818328551086 -0.076553223722 -0.776179768594 0.000875236530762 0.0763905965525 -0.0409758354208 2.20670921931 3.0584607884e-07 0.00118830676057 0.00492900267244 
-3.06317391783e-08 5.65844924471e-08 2.8285064142e-07 -9.15446613245e-10 -2.72137112292e-08 2.49916717844e-08 3.05846078679e-07 3.0 -8.64055464137e-09 -4.92205611545e-09 
-0.000119029351872 0.000219838574582 0.00109896959181 -3.5571576845e-06 -0.000105743495814 9.71015871788e-05 0.00118830676057 -8.64055045262e-09 2.99996642359 -1.91295852908e-05 
-0.0668025468263 0.0799036910054 -0.0124702309268 -0.00415832424476 -0.0400181087231 0.0439686426907 0.00492900267244 -4.92205520447e-09 -1.91295852866e-05 2.977776138 

2.99157052417 0.00681436695428 0.0434033542794 -0.000299178728943 -0.00688161675506 0.00262723674346 0.0461649250312 -2.28743113249e-07 -0.000909377807742 -0.00141373726372 
0.0068143669543 2.98126141022 -0.0312505397953 -0.000179349076148 0.00642125529295 -0.0086012869152 -0.0365842158914 1.85945321043e-07 0.000507955972413 0.000175337963386 
0.0434033542794 -0.0312505397953 2.51092800841 -0.000786108653807 0.0459180675555 -0.014337985977 -0.492530862944 -4.02325283212e-06 -0.0226240778761 -0.000874745354621 
-0.000299178728933 -0.000179349076152 -0.000786108653801 2.99954521352 0.000129714572042 -0.000169404797801 -0.000632022393366 3.7545948693e-08 0.000289050629211 0.000153725893172 
-0.00688161675507 0.00642125529294 0.0459180675555 0.00012971457204 2.99328588976 0.00276173087559 0.0478554231751 -1.58638515277e-07 -0.000742699108013 -0.000789735549451 
0.00262723674347 -0.00860128691521 -0.014337985977 -0.000169404797806 0.0027617308756 2.99308576459 -0.016224746324 -9.91733140033e-08 -0.00122776698121 0.000209871873512 
0.0461649250312 -0.0365842158914 -0.492530862944 -0.000632022393361 0.0478554231751 -0.016224746324 2.50141074893 -3.75244748226e-06 -0.0215669337387 -0.000441562744572 
-2.28743106355e-07 1.85945319781e-07 -4.02325284014e-06 3.7545940045e-08 -1.58638515072e-07 -9.91733123103e-08 -3.75244747358e-06 2.9999999996 -2.30576411118e-06 -2.46027653115e-07 
-0.000909377807737 0.000507955972415 -0.0226240778761 0.000289050629213 -0.00074269910801 -0.0012277669812 -0.0215669337387 -2.30576410961e-06 2.98630021605 -0.00129132410604 
-0.00141373726372 0.000175337963386 -0.000874745354618 0.000153725893168 -0.000789735549458 0.000209871873502 -0.000441562744576 -2.46027647261e-07 -0.00129132410604 2.99877797435 

2.96098755007 -0.0138617835412 -0.0217367804228 -0.00295262142739 -0.0228661672488 -0.00468035941881 -0.0154060730742 -1.6412059875e-06 -0.00953098938791 -0.0146816542149 
-0.0138617835412 2.92112409173 0.0117708609917 -0.00139092454226 -0.00728045795136 -0.0429797337886 -0.00420733569207 4.98001809562e-07 0.00252262421894 -0.00961297477349 
-0.0217367804228 0.0117708609917 2.63056727671 -0.00410391042526 -0.00306058781477 0.0174324608385 -0.293465328599 -2.17663920221e-05 -0.104890917476 -0.020641647136 
-0.00295262142739 -0.00139092454227 -0.00410391042526 2.99943880213 -0.00136597493767 -0.000550324434378 -0.00299864824226 -2.57337521066e-07 -0.00142074161642 -0.00149884403665 
-0.0228661672488 -0.00728045795136 -0.00306058781477 -0.00136597493766 2.9850688029 -0.00220310124412 0.000294318692765 -6.63133505523e-07 -0.00447083481448 -0.00751241569092 
-0.00468035941881 -0.0429797337886 0.0174324608385 -0.000550324434377 -0.00220310124411 2.97392947874 0.00238727661604 1.03934377115e-06 0.00605992189538 -0.00471857311463 
-0.0154060730742 -0.00420733569207 -0.293465328599 -0.00299864824227 0.00029431869277 0.00238727661604 2.74870180746 -1.55022329486e-05 -0.0705032590785 -0.0166132090536 
-1.64120598289e-06 4.98001817137e-07 -2.17663920191e-05 -2.57337527346e-07 -6.63133494177e-07 1.03934377619e-06 -1.55022329575e-05 2.99999999817 -9.26879016402e-06 -1.27852766275e-06 
-0.0095309893879 0.00252262421895 -0.104890917476 -0.00142074161641 -0.00447083481448 0.00605992189539 -0.0705032590785 -9.26879017864e-06 2.95085566705 -0.0066793891619 
-0.0146816542149 -0.00961297477349 -0.020641647136 -0.00149884403665 -0.00751241569092 -0.00471857311463 -0.0166132090536 -1.27852767247e-06 -0.00667938916189 2.989304845 

2.95301333226 0.0342996646735 -0.013361594431 -0.0015760946425 -0.0248490526042 0.0113914448085 -0.0133846920518 -6.74875357781e-06 -0.017424376758 -0.0148303556436 
0.0342996646735 2.90737067659 0.000699526742114 0.000734180169684 0.0207090727372 -0.0435972678614 -0.0054306373238 6.10720220422e-06 0.0135765635971 0.0107082343627 
-0.013361594431 0.000699526742107 2.93941134439 -0.000982194197875 -0.00721235792697 0.0171803869276 -0.0312830111442 4.1060259003e-06 -0.0122909007811 -0.00539364983603 
-0.00157609464249 0.000734180169681 -0.000982194197872 2.99971060732 -0.000726860228634 8.08853225116e-06 -0.00100792338111 -2.1040667384e-07 -0.000556744388003 -0.000441284131151 
-0.0248490526042 0.0207090727372 -0.00721235792697 -0.000726860228637 2.98551569083 0.00824007866485 -0.00307653523493 -4.59239055309e-06 -0.0128279985489 -0.00746579580641 
0.0113914448086 -0.0435972678614 0.0171803869276 8.08853225689e-06 0.00824007866485 2.95240935863 -0.00157188841872 -1.54928958167e-05 -0.0333404069947 0.00509956116712 
-0.0133846920518 -0.0054306373238 -0.0312830111443 -0.00100792338112 -0.00307653523494 -0.00157188841873 2.96284154594 6.40627733703e-06 0.00791017973523 -0.00492196671597 
-6.74875356515e-06 6.10720220061e-06 4.10602590544e-06 -2.10406674185e-07 -4.59239054711e-06 -1.54928958254e-05 6.40627733868e-06 2.99999997725 -5.52011549629e-05 -1.32699462503e-06 
-0.017424376758 0.0135765635971 -0.0122909007811 -0.000556744387998 -0.0128279985489 -0.0333404069947 0.00791017973523 -5.5201154956e-05 2.85221756898 -0.00352468525514 
-0.0148303556437 0.0107082343627 -0.00539364983603 -0.000441284131146 -0.00746579580641 0.00509956116712 -0.00492196671597 -1.32699462806e-06 -0.00352468525514 2.99404220706 

2.9415220262 0.0592545569958 0.0116880546814 -0.00386372560891 -0.0321379970583 0.0167046363104 0.0205552979123 -3.70059708737e-05 -0.0568069296714 -0.0147598907144 
0.0592545569958 2.7970663497 -0.0134271689506 0.00289606731424 0.0359702034343 -0.0925084955241 -0.0458685619447 3.14793492239e-05 0.053101270159 0.029585425984 
0.0116880546814 -0.0134271689506 2.93417563989 0.000953862949722 0.0091223287209 0.010464187293 -0.0680638690598 4.95811333302e-05 0.0613218348209 0.000274453319063 
-0.00386372560892 0.00289606731424 0.000953862949725 2.99939644721 -0.00212309015841 0.00101395036647 0.0014404857948 -1.50428442458e-06 -0.00240334862931 -0.00122116410336 
-0.0321379970583 0.0359702034343 0.0091223287209 -0.00212309015841 2.98139814493 0.0099437381296 0.01475349159 -2.18637981361e-05 -0.0336328516496 -0.00888752364385 
0.0167046363104 -0.0925084955241 0.010464187293 0.00101395036647 0.0099437381296 2.91623040653 -0.00517890469637 -5.632663791e-05 -0.091075418633 0.00844568103224 
0.0205552979123 -0.0458685619447 -0.0680638690598 0.0014404857948 0.01475349159 -0.00517890469638 2.92347405287 5.42928601342e-05 0.0671755519689 0.00577804199847 
-3.70059708927e-05 3.14793492269e-05 4.95811333173e-05 -1.50428442589e-06 -2.1863798147e-05 -5.63266379093e-05 5.4292860122e-05 2.99999985219 -0.000218420683479 -1.13846041627e-05 
-0.0568069296714 0.053101270159 0.0613218348209 -0.00240334862931 -0.0336328516496 -0.091075418633 0.0671755519689 -0.000218420683479 2.64798558934 -0.0170380460833 
-0.0147598907144 0.029585425984 0.000274453319061 -0.00122116410336 -0.00888752364385 0.00844568103224 0.00577804199847 -1.13846041511e-05 -0.0170380460833 2.98673209828 

2.93890230462 0.0605940720792 0.0317329917031 -0.0016339171176 -0.0331911169943 0.0318207515078 0.0396646289833 -1.05529180726e-06 -0.0020422158453 -0.0146755580963 
0.0605940720792 2.79422952346 -0.0418881417902 0.00218799495921 0.0329075671497 -0.11840597322 -0.076320050351 -2.85568699754e-05 -0.0271648267899 0.0114427451259 
0.0317329917031 -0.0418881417902 2.78444059964 -0.00244409669931 0.0154887363747 -0.0128234626917 -0.2222223401 7.70684714309e-05 0.0764130180515 -0.0158638865107 
-0.0016339171176 0.0021879949592 -0.00244409669931 2.99964107931 -0.000767560754852 0.0012900255906 -0.00192725757819 1.53483929394e-06 0.00146542148939 -0.000511514362033 
-0.0331911169943 0.0329075671497 0.0154887363747 -0.00076756075485 2.98101344078 0.0163781867572 0.0214474333852 -3.38856577109e-06 -0.00360904603206 -0.00853402614893 
0.0318207515078 -0.11840597322 -0.0128234626917 0.0012900255906 0.0163781867572 2.91167016397 -0.0300789822439 -7.90952660284e-05 -0.0716447900571 0.00582088988295 
0.0396646289833 -0.076320050351 -0.2222223401 -0.00192725757819 0.0214474333852 -0.0300789822439 2.75148867847 8.67142282706e-05 0.085339026509 -0.0143274821433 
-1.05529180609e-06 -2.85568699727e-05 7.70684714254e-05 1.53483929386e-06 -3.38856577147e-06 -7.90952660263e-05 8.67142282743e-05 2.99999977086 -0.000204596180022 3.42269867076e-06 
-0.00204221584529 -0.0271648267899 0.0764130180515 0.00146542148939 -0.00360904603206 -0.0716447900571 0.0853390265089 -0.000204596180022 2.81462559103 0.0035704843524 
-0.0146755580963 0.0114427451259 -0.0158638865106 -0.000511514362033 -0.00853402614893 0.00582088988295 -0.0143274821434 3.42269867362e-06 0.0035704843524 2.99056937579 

2.9682777889 0.0413438583332 -0.0109634925182 -0.000811024607463 -0.0183055273551 0.0191905214616 -0.00609072804806 -1.20209716749e-05 -0.00794686142162 -0.012213374953 
0.0413438583332 2.8508221015 0.0272352881813 0.00101049925871 0.0233066080117 -0.0698098894565 0.00800075790929 4.06030945734e-05 0.0252640659887 0.0201952064338 
-0.0109634925182 0.0272352881813 2.96871507367 -0.000419412332194 -0.00361174036574 0.0130272044403 -0.0400470010926 1.46938666784e-05 0.00803362340112 -0.00686422268753 
-0.000811024607468 0.00101049925871 -0.000419412332186 2.99963791616 -0.000215138665739 0.00073263788338 -0.000262675115578 1.58725617158e-06 0.000948816630138 -3.14237209236e-05 
-0.0183055273551 0.0233066080117 -0.00361174036574 -0.000215138665732 2.9884779093 0.0106072957727 0.000539589232821 -9.5742579821e-06 -0.00594830468747 -0.00694625642753 
0.0191905214616 -0.0698098894565 0.0130272044403 0.000732637883382 0.0106072957727 2.95942716787 0.0014287974335 -1.33973611919e-05 -0.00696936045081 0.00989844642722 
-0.00609072804805 0.00800075790929 -0.0400470010926 -0.000262675115576 0.000539589232835 0.00142879743351 2.93421333557 3.19689224116e-05 0.0195628162568 -0.00496258996666 
-1.2020971674e-05 4.06030945731e-05 1.4693866678e-05 1.58725616954e-06 -9.57425798481e-06 -1.33973611905e-05 3.19689224115e-05 2.99999974901 -0.000123580387103 -3.73157713462e-06 
-0.00794686142162 0.0252640659887 0.00803362340112 0.000948816630133 -0.00594830468747 -0.00696936045081 0.0195628162568 -0.000123580387103 2.92706467451 -0.00275912777501 
-0.0122133749529 0.0201952064338 -0.00686422268753 -3.14237209186e-05 -0.00694625642752 0.00989844642722 -0.00496258996666 -3.73157713996e-06 -0.00275912777502 2.99404227803 

2.98513071185 0.0136789288542 -0.00757908113182 -0.00119543964505 -0.00730965849347 0.0112075280558 -0.00560430036624 3.3921267068e-05 0.0127856823738 -0.00394333206458 
0.0136789288542 2.95857816025 0.0117451291361 0.00125357990448 0.00695542425544 -0.0342523274026 0.00529585459125 -0.000134482311991 -0.0443368239886 0.00233811907586 
-0.00757908113181 0.0117451291361 2.98717422429 -0.000531609093527 -0.00295203164022 0.0172056198294 -0.0117160123938 0.00010228836137 0.0371653088616 -0.00274527598305 
-0.00119543964505 0.00125357990448 -0.000531609093535 2.99965948304 -0.00033814435022 0.00115663265255 -0.000552928187362 3.49551104649e-06 0.00127975617534 -8.82294250737e-05 
-0.00730965849348 0.00695542425544 -0.00295203164023 -0.000338144350213 2.9955140469 0.00398235862088 -0.00153832100391 5.31531933636e-06 0.00145995557806 -0.00178261513389 
0.0112075280558 -0.0342523274026 0.0172056198294 0.00115663265255 0.00398235862089 2.93129168824 0.00944613920724 -0.000449467478307 -0.156712491171 0.00451891276241 
-0.00560430036624 0.00529585459126 -0.0117160123938 -0.000552928187365 -0.00153832100391 0.00944613920724 2.98559816699 7.14681625751e-05 0.0261047255763 -0.00239066614456 
3.39212670741e-05 -0.000134482311996 0.000102288361357 3.49551104559e-06 5.31531933178e-06 -0.000449467478301 7.14681625786e-05 2.99999624885 -0.00118486122664 2.76049267626e-05 
0.0127856823738 -0.0443368239886 0.0371653088616 0.00127975617534 0.00145995557806 -0.156712491171 0.0261047255763 -0.00118486122664 2.5836175196 0.0104671074382 
-0.00394333206458 0.00233811907586 -0.00274527598304 -8.82294250796e-05 -0.0017826151339 0.00451891276241 -0.00239066614457 2.76049267588e-05 0.0104671074382 2.99776465863 

2.98444867524 -0.00331541003107 -0.00617305203694 -0.000928546016189 -0.00920862619029 6.98571651938e-05 -0.00294718856134 -0.000115528339967 -0.00213448145047 -0.00715925612602 
-0.00331541003107 2.95069537107 0.0073768805049 -0.00268356841365 -0.00147394574666 -0.0292729374607 -0.000304502586409 -2.72367688359e-05 -0.0143309841947 -0.00180105961545 
-0.00617305203693 0.00737688050488 2.99015211416 -9.20826620172e-05 -0.00335291367115 0.00400402255022 -0.00421443351911 -0.000295179899457 -0.0023009985922 -0.00255492116644 
-0.000928546016188 -0.00268356841365 -9.20826620223e-05 2.99953513645 -0.000312982836794 -0.000999921340741 0.000267669924159 4.17921370979e-06 0.000195629328542 -0.000468025032204 
-0.00920862619029 -0.00147394574666 -0.00335291367114 -0.000312982836791 2.9938279859 -6.26136597216e-05 -0.00122725576433 -9.58045069963e-05 -0.00367840702763 -0.00407470364417 
6.9857165195e-05 -0.0292729374607 0.00400402255021 -0.000999921340744 -6.26136597159e-05 2.95347484014 -0.00235887499958 -0.000734905390201 -0.098853696603 0.000361719899719 
-0.00294718856134 -0.000304502586411 -0.00421443351912 0.000267669924153 -0.00122725576432 -0.00235887499958 2.99084918408 -0.000146843309271 0.00198137212074 -0.00144126256247 
-0.000115528339967 -2.7236768836e-05 -0.000295179899456 4.17921370896e-06 -9.58045069977e-05 -0.0007349053902 -0.000146843309272 2.99993037844 -0.00275908419833 1.9360485699e-05 
-0.00213448145047 -0.0143309841947 -0.0023009985922 0.000195629328543 -0.00367840702763 -0.098853696603 0.00198137212073 -0.00275908419833 2.68811169007 0.00173111609246 
-0.00715925612602 -0.00180105961545 -0.00255492116646 -0.000468025032207 -0.00407470364416 0.000361719899722 -0.00144126256246 1.93604856977e-05 0.00173111609246 2.99622526263 

2.98903552147 -0.000766497180204 -0.00324385054904 -0.000739924945832 -0.00548220142812 -0.000989338153148 -0.00267775283033 -0.000266483644184 -0.00455672008719 -0.00284122700686 
-0.000766497180221 2.9808385476 -0.00314661441933 0.000177821768153 -0.000563420144907 -0.0115087088907 -0.0049451613888 -0.000365423629737 -0.00218440300942 -0.000325164368344 
-0.00324385054906 -0.00314661441934 2.99248339518 -0.000229970302122 -0.00205413177329 -0.0047188932794 -0.0074174165423 -0.000692764681821 -0.0093569272714 -0.000401945612234 
-0.000739924945831 0.000177821768156 -0.000229970302126 2.99939479818 -0.000170301058209 0.000235134273056 -0.000297838206856 -2.80831292458e-05 0.000716500931213 -0.000355532793038 
-0.00548220142812 -0.000563420144897 -0.00205413177328 -0.00017030105821 2.99667857378 -0.00100908607665 -0.00185374800162 -0.000182178751694 -0.00289345233027 -0.00138506731096 
-0.000989338153155 -0.0115087088907 -0.0047188932794 0.000235134273053 -0.00100908607666 2.98437211424 -0.00613714264936 -0.00186698797481 -0.0295382236374 0.0012686992162 
-0.00267775283034 -0.00494516138881 -0.0074174165423 -0.000297838206853 -0.00185374800163 -0.00613714264936 2.99044206203 -0.000592174002939 -0.00796332061467 -0.000317393292672 
-0.000266483644182 -0.000365423629729 -0.000692764681826 -2.80831292443e-05 -0.000182178751693 -0.0018669879748 -0.000592174002946 2.99946676979 -0.00635471960898 0.000485153801234 
-0.00455672008716 -0.00218440300942 -0.00935692727139 0.000716500931212 -0.00289345233027 -0.0295382236374 -0.00796332061467 -0.00635471960898 2.89386171894 0.00505144699858 
-0.00284122700686 -0.000325164368333 -0.000401945612237 -0.00035553279304 -0.00138506731096 0.00126869921621 -0.000317393292675 0.000485153801226 0.00505144699858 2.99706523028 

2.98322322451 0.00159064663056 0.0103517288046 0.00031280145245 -0.00852165950893 0.00198663599124 0.0110136420462 -1.10418944671e-06 -0.000319435034723 -0.00559019310868 
0.00159064663055 2.91943333207 0.0110968478842 -0.00128222281341 0.00186479258103 -0.0386144979887 0.00581158532169 -1.53459516731e-06 4.39586943724e-06 -0.00566258863347 
0.0103517288046 0.0110968478842 2.86943338738 -0.0173452208897 0.0101508851491 0.000220449675001 -0.12987139907 1.34617871061e-05 0.00335088731369 0.000449452679247 
0.000312801452431 -0.00128222281341 -0.0173452208897 2.9934807243 0.000709922049729 -0.000532133305021 -0.0176427460511 4.48534524647e-06 0.00117139069323 -0.000631896210429 
-0.00852165950893 0.00186479258104 0.0101508851491 0.000709922049738 2.99501544471 0.00153919785868 0.0105132494972 -8.18859351072e-07 -0.000223801523125 -0.00239343876426 
0.00198663599124 -0.0386144979887 0.000220449675002 -0.000532133305044 0.00153919785868 2.97913749522 -0.0020665602132 -2.30834902109e-06 6.7960074042e-06 -0.00117409325896 
0.0110136420462 0.00581158532169 -0.12987139907 -0.0176427460511 0.0105132494972 -0.00206656021321 2.87041118342 1.36516981472e-05 0.00340196736483 0.00014045776035 
-1.10418944513e-06 -1.53459516642e-06 1.34617871063e-05 4.48534524785e-06 -8.18859351681e-07 -2.30834902088e-06 1.3651698147e-05 2.99999940327 -6.52534758026e-06 6.30751069768e-07 
-0.000319435034718 4.39586944051e-06 0.00335088731369 0.00117139069323 -0.000223801523124 6.79600739952e-06 0.00340196736483 -6.52534758078e-06 2.99972027661 -1.27370175669e-05 
-0.00559019310868 -0.00566258863349 0.000449452679245 -0.000631896210412 -0.00239343876426 -0.00117409325896 0.000140457760347 6.3075106992e-07 -1.27370175715e-05 2.99582744442 

2.98511635313 0.0228087084528 0.00831445130646 0.00660108497629 -0.00551417239875 0.0125605931169 0.0103644896847 -2.5130269323e-07 -6.13847495859e-05 -0.00592063353404 
0.0228087084528 2.89819994016 0.0178753036309 0.000597530132492 0.00631294765675 -0.04517110897 0.00925439315248 7.49565249659e-08 1.8309310785e-05 0.0113241886778 
0.00831445130645 0.0178753036309 2.67365477557 -0.0104858349409 0.0166985489148 -0.00145915998173 -0.323129763494 2.72672937811e-07 6.6605704275e-05 -0.00618083207395 
0.00660108497628 0.000597530132501 -0.0104858349409 2.84290847975 -0.00436080757146 -0.00111512914701 -0.0109347463564 4.75531723594e-06 0.00116156021866 0.001738317858 
-0.00551417239874 0.00631294765675 0.0166985489148 -0.00436080757145 2.99659381818 0.00442822514368 0.0171103561801 1.1903536614e-07 2.90761058145e-05 -0.00167361255934 
0.0125605931169 -0.04517110897 -0.00145915998173 -0.00111512914702 0.00442822514367 2.97714132744 -0.00498069281579 7.85561716957e-08 1.9188629367e-05 0.00576297580298 
0.0103644896847 0.00925439315248 -0.323129763494 -0.0109347463564 0.0171103561801 -0.0049806928158 2.67929776785 2.95507709729e-07 7.21834477786e-05 -0.00512941728139 
-2.51302692009e-07 7.49565249187e-08 2.72672939879e-07 4.75531723545e-06 1.19035365095e-07 7.85561710699e-08 2.95507707036e-07 2.99999999986 -3.52505648894e-08 -7.36536895102e-08 
-6.13847495857e-05 1.830931078e-05 6.66057042737e-05 0.00116156021866 2.90761058155e-05 1.91886293624e-05 7.21834477801e-05 -3.5250565393e-08 2.9999913895 -1.79910752536e-05 
-0.00592063353403 0.0113241886778 -0.00618083207395 0.001738317858 -0.00167361255934 0.00576297580299 -0.00512941728139 -7.36536895666e-08 -1.7991075254e-05 2.99716091356 

2.99592365888 0.000581872725018 0.00149706816454 0.00516253945351 -0.00143677464358 0.0025674856098 0.00133056893474 3.54177510042e-09 8.65514082424e-07 -0.00107634423852 
0.000581872725014 2.98888587638 0.00896768640878 0.00027729381024 -0.00120355440256 -0.00584610313706 0.00818184783356 5.21395403702e-09 1.27414932505e-06 0.000990877227677 
0.00149706816454 0.00896768640879 2.82363774713 0.00138654232474 0.014320002127 -0.00627845153751 -0.173464888507 -2.90054530586e-07 -7.08814807671e-05 -0.00485451797821 
0.00516253945351 0.00027729381024 0.00138654232474 1.06708482414 -0.0321994798985 0.000493728546928 0.000266809144221 1.74408520832e-07 4.26207243964e-05 -4.00996155944e-05 
-0.00143677464358 -0.00120355440255 0.014320002127 -0.0321994798985 2.98000807781 -5.42856847704e-05 0.014242340172 2.13493985298e-07 5.21721546455e-05 0.000212568476651 
0.0025674856098 -0.00584610313706 -0.00627845153751 0.000493728546928 -5.4285684769e-05 2.99014099794 -0.00588101953919 -2.01429802862e-10 -4.92239133521e-08 0.0014055706411 
0.00133056893475 0.00818184783356 -0.173464888507 0.000266809144222 0.014242340172 -0.00588101953919 2.82919845765 -2.83096396953e-07 -6.91811010738e-05 -0.00481165433766 
3.54177559529e-09 5.21395387462e-09 -2.90054531141e-07 1.74408520728e-07 2.13493984837e-07 -2.01429774922e-10 -2.83096396701e-07 2.99999999999 -1.34619876726e-09 -7.65430029026e-09 
8.65514082439e-07 1.27414932625e-06 -7.08814807671e-05 4.26207243963e-05 5.21721546454e-05 -4.92239133692e-08 -6.91811010739e-05 -1.34619784682e-09 2.99999967103 -1.870503915e-06 
-0.00107634423851 0.000990877227679 -0.0048545179782 -4.00996155948e-05 0.000212568476651 0.0014055706411 -0.00481165433766 -7.65430022461e-09 -1.87050391474e-06 2.99920062178 

2.48918318382 -0.00927788916787 0.0671570189958 0.00249024417247 0.0323235710695 -0.00157033038882 0.00680609508828 4.9665207401e-08 1.21369577945e-05 -0.00233396368223 
-0.00927788916786 2.94293545305 0.00629808670012 0.000527904471593 -0.0292535838044 -0.0445802459457 0.0178950381466 -2.46715825213e-08 -6.02912930489e-06 -0.000212579011974 
0.0671570189958 0.00629808670012 2.68855745119 -2.35471200048e-06 -0.137653392766 -0.0133315593812 -0.29152045581 -1.04510328526e-07 -2.55397595145e-05 -0.000658868365279 
0.00249024417247 0.000527904471593 -2.35471200164e-06 1.0000501196 -0.00459337575443 0.000629259193419 -0.00174240360239 2.04894221481e-11 5.00722542186e-09 -0.000200592330121 
0.0323235710695 -0.0292535838044 -0.137653392766 -0.00459337575443 1.53318490168 -0.0382582822855 -0.0708742154585 4.38979558492e-08 1.07275832028e-05 -0.00256949278462 
-0.00157033038882 -0.0445802459457 -0.0133315593812 0.000629259193419 -0.0382582822855 2.96058588763 0.000296007990207 -1.48855911166e-08 -3.63767328899e-06 6.6733746353e-05 
0.00680609508828 0.0178950381466 -0.29152045581 -0.00174240360239 -0.0708742154585 0.000296007990204 2.70291870643 -1.0510527581e-07 -2.56851501263e-05 -0.000398665946002 
4.96652076092e-08 -2.46715832091e-08 -1.04510328393e-07 2.04898898306e-11 4.38979559837e-08 -1.48855915474e-08 -1.05105276237e-07 3.0 -4.97120547149e-11 -4.76624157484e-09 
1.21369577946e-05 -6.02912930539e-06 -2.55397595142e-05 5.00722514031e-09 1.07275832026e-05 -3.63767328915e-06 -2.56851501262e-05 -4.9712153528e-11 2.99999998785 -1.16475243155e-06 
-0.00233396368223 -0.000212579011975 -0.000658868365275 -0.000200592330121 -0.00256949278462 6.67337463531e-05 -0.000398665945999 -4.7662412342e-09 -1.16475243154e-06 2.99951119464 

2.11423251897 -0.000945363410906 0.0358954541596 0.00742338214788 -0.829464698809 0.00258058725373 0.0368166093231 -2.6723370513e-10 -6.5305500235e-08 -0.0024767087397 
-0.0009453634109 2.89655621427 -0.0371441069248 -0.000309970118589 0.0021879626421 -0.07753733922 -0.040444118818 2.36662370876e-10 5.78346641823e-08 0.000657254299491 
0.0358954541596 -0.0371441069248 2.26411407351 0.000399716700188 0.0497691521573 -0.0453301988484 -0.734028735852 1.56655839717e-11 3.8282421517e-09 -0.0109499438844 
0.00742338214788 -0.000309970118589 0.000399716700187 1.00798892742 -0.00835846297162 -6.49582691464e-05 -0.000373070713827 1.40025272075e-10 3.42186873066e-08 -0.000290049709543 
-0.829464698809 0.0021879626421 0.0497691521573 -0.00835846297162 2.10541506243 -0.0116721660271 0.0497738922868 3.02947972483e-10 7.40333127129e-08 0.0121172401086 
0.00258058725373 -0.07753733922 -0.0453301988484 -6.49582691473e-05 -0.0116721660271 2.90808745761 -0.0440581784999 1.16816348574e-10 2.85469650539e-08 0.0123023596088 
0.0368166093231 -0.040444118818 -0.734028735852 -0.000373070713827 0.0497738922868 -0.0440581784999 2.26692788894 1.79425579545e-12 4.38989753026e-10 -0.0117540565606 
-2.67233863325e-10 2.36662841511e-10 1.56651510445e-11 1.40024861299e-10 3.02948694012e-10 1.16816377201e-10 1.79682388513e-12 3.0 -1.99346606286e-13 7.32136216664e-12 
-6.53055008021e-08 5.78346634685e-08 3.82824463363e-09 3.42186870457e-08 7.40333139557e-08 2.85469653285e-08 4.38989432988e-10 -1.99396513468e-13 2.99999999995 1.78912398273e-09 
-0.00247670873971 0.000657254299491 -0.0109499438844 -0.000290049709543 0.0121172401087 0.0123023596088 -0.0117540565606 7.32255167242e-12 1.78912228714e-09 2.98876534005 

